6
7.6246,0.58426
5.2506,-6.2264
3.8393,4.8874
4.5643,-6.2085
-7.653,-3.0875
-4.1894,0.36174
-4.4003,6.6809
4.5347,-6.2143
-4.1812,-0.747
7.5642,0.42515
-5.2748,6.5258
-4.8063,-0.27536
-5.5907,6.7482
-4.2011,-0.7213
6.515,-6.2855
-5.2511,6.4571
-4.2957,-0.49015
5.212,-6.356
-7.7101,-2.6462
6.8292,0.4675
3.1546,5.0613
-4.2813,-0.39029
-7.8017,-2.8021
3.149,5.3046
-4.8423,6.6699
8.4288,0.34461
4.7782,-6.1528
8.0917,0.21202
-4.6694,0.22021
7.7361,0.68122
-4.2811,6.8934
8.0067,0.38147
-4.2277,6.8607
-5.411,6.4734
-8.0539,-2.7669
5.1392,-6.2649
-4.8857,0.33206
-7.1801,-3.2975
7.4459,0.53363
4.5651,-6.4546
-3.9145,-0.98368
7.3269,0.55164
-7.7263,-2.4352
7.7509,0.18065
-7.6721,-2.6514
-5.0645,6.5761
-7.1996,-2.4803
-3.7108,-0.19699
3.7328,-6.4137
7.8439,0.36757
-4.7005,-0.13462
3.5464,5.3742
7.6636,0.45706
7.8395,0.53989
7.6104,0.86762
5.6099,-6.3713
-4.1966,-0.085137
4.0658,-6.1647
-4.5393,6.0773
-4.2325,-0.062327
3.3634,-6.4573
-7.6775,-2.6616
3.3634,5.2421
5.5276,-6.3107
-4.6277,6.725
3.5397,5.5985
7.6669,0.26289
-5.1496,-0.40173
-4.7935,6.8051
-4.9967,7.0756
6.0384,-6.3159
5.8643,-6.388
-5.0688,-1.3209
5.7221,-6.3006
-4.5317,6.7246
-4.1067,6.7578
-4.4026,-0.27756
4.7904,-6.2075
4.4084,-6.4152
6.2923,-6.3658
-3.617,6.4442
3.2542,5.6498
4.5686,-6.32
-7.2467,-2.4221
4.337,-6.3125
-4.4819,-0.65086
3.854,5.4855
3.9229,6.1081
-5.5875,6.4906
-4.5873,6.5354
-6.998,-3.0389
-4.6364,-0.16467
7.5773,0.56307
8.019,0.5461
4.3042,-6.4184
-5.1129,6.6299
3.6851,5.6094
-4.7627,0.29931
7.7466,0.29075
-4.1588,-0.83008