3
2.3664,-4.6123
3.6758,2.0703
-3.1317,-0.8523
4.0893,2.7426
3.5474,4.2649
3.6622,3.0705
-2.3118,0.81528
-2.3946,-0.082671
-2.7904,0.61793
-2.0612,1.5782
3.9071,2.26
-3.0833,0.54274
-3.0584,-0.55372
2.4766,-4.7208
3.9192,5.3451
2.1953,-4.4998
2.1834,-4.1546
-2.5427,0.59764
2.2927,-4.6418
2.4848,-4.3739
2.1488,-4.6452
3.6214,2.6576
3.7058,3.3435
3.5574,4.6697
-2.0984,0.017847
2.9802,-4.604
3.7281,3.4735
2.103,-4.5569
3.85,3.678
2.3851,-4.2518
-3.0754,-1.014
-2.8431,-0.093774
2.8238,-3.9756
3.614,2.0819
2.7286,-4.6294
-2.1844,-0.39895
3.6529,3.5833
-3.4567,1.1779
-2.5731,0.13641
3.0374,-4.2649